{
 "cells": [
  {
   "cell_type": "code",
   "execution_count": 1,
   "metadata": {},
   "outputs": [],
   "source": [
    "import os\n",
    "import scipy\n",
    "import numpy as np\n",
    "import trimesh\n",
    "from trimesh import viewer\n",
    "from trimesh.transformations import translation_matrix, rotation_matrix, concatenate_matrices\n",
    "from scipy.spatial.transform import Rotation\n",
    "from scipy.spatial import cKDTree\n",
    "\n",
    "np.set_printoptions(precision=3, suppress=True, linewidth=np.inf)\n"
   ]
  },
  {
   "cell_type": "code",
   "execution_count": 2,
   "metadata": {},
   "outputs": [],
   "source": [
    "mesh1 = trimesh.exchange.load.load('wolf1.ply')\n",
    "mesh2 = mesh1.copy()\n",
    "\n",
    "# apply an arbitrary transformation to mesh1\n",
    "mesh1 = mesh1.slice_plane(plane_normal=[0, -1, 0], plane_origin=[10, 10, 10])\n",
    "T = translation_matrix([0, 0, 0])\n",
    "xaxis, yaxis, zaxis = [1, 0, 0], [0, 1, 0], [0, 0, 1]\n",
    "Rx = rotation_matrix(0, xaxis)\n",
    "Ry = rotation_matrix(np.pi/8, yaxis)\n",
    "Rz = rotation_matrix(0, zaxis)\n",
    "M = concatenate_matrices(T, Rx, Ry, Rz)\n",
    "mesh1.apply_transform(M)\n",
    "\n",
    "# write scene to html\n",
    "if os.path.exists(\"scene.html\"):\n",
    "    os.remove(\"scene.html\")\n",
    "html = viewer.notebook.scene_to_html((trimesh.util.concatenate([mesh1, mesh2])).scene())\n",
    "with open(\"scene.html\", \"w\") as file:\n",
    "    file.write(html)\n"
   ]
  },
  {
   "cell_type": "code",
   "execution_count": 3,
   "metadata": {},
   "outputs": [],
   "source": [
    "def register(source, target, w1=0.1, w2=1.0, max_iter=100):\n",
    "    # resulting transformation is (R, t)\n",
    "    transform = (np.eye(3), np.zeros(3))\n",
    "    x = source.vertices\n",
    "    y = target.vertices\n",
    "    N = len(x)\n",
    "    z = x.copy()\n",
    "    tree = cKDTree(y)\n",
    "    for iter in range(max_iter):\n",
    "        # applies transformation to original x\n",
    "        x_t = x.dot(transform[0]) + transform[1]\n",
    "        # build a matrix equivalent to cross product\n",
    "        X_t = np.stack([\n",
    "            np.stack((np.zeros(len(x_t)), -x_t[:, 2], x_t[:, 1]), axis=1),\n",
    "            np.stack((x_t[:, 2], np.zeros(len(x_t)), -x_t[:, 0]), axis=1),\n",
    "            np.stack((-x_t[:, 1], x_t[:, 0], np.zeros(len(x_t))), axis=1)\n",
    "        ], axis=1)\n",
    "        # build blocks of sparse coefficient matrix A\n",
    "        A_rr = np.einsum('abc,adc->bd', X_t, X_t)\n",
    "        A_tr = -np.sum(X_t, axis=0)\n",
    "        A_zir = np.concatenate([X_ti for X_ti in X_t], axis=1)\n",
    "        A_rt = A_tr.T\n",
    "        A_tt = N * np.eye(3)\n",
    "        A_zit = -np.tile(np.eye(3), len(x_t))\n",
    "        A_rzi = A_zir.T\n",
    "        A_tzi = A_zit.T\n",
    "        A_zizj = scipy.sparse.eye(3 * len(x_t)) * (w1 / w2 + 1)\n",
    "        A_rr = scipy.sparse.csr_matrix(A_rr)\n",
    "        A_tr = scipy.sparse.csr_matrix(A_tr)\n",
    "        A_zir = scipy.sparse.csr_matrix(A_zir)\n",
    "        A_rt = scipy.sparse.csr_matrix(A_rt)\n",
    "        A_tt = scipy.sparse.csr_matrix(A_tt)\n",
    "        A_zit = scipy.sparse.csr_matrix(A_zit)\n",
    "        A_rzi = scipy.sparse.csr_matrix(A_rzi)\n",
    "        A_tzi = scipy.sparse.csr_matrix(A_tzi)\n",
    "        A_zizj = scipy.sparse.csr_matrix(A_zizj)\n",
    "        # assemble coefficient matrix A\n",
    "        A = scipy.sparse.bmat([[A_rr, A_tr, A_zir],\n",
    "                               [A_rt, A_tt, A_zit],\n",
    "                               [A_rzi, A_tzi, A_zizj]], format='csr')\n",
    "        # build blocks of result vector b\n",
    "        b_r = np.zeros(3)\n",
    "        b_t = -np.sum(x_t, axis=0)\n",
    "        _, i = tree.query(z, k=1)\n",
    "        b_zi = (w1 / w2 * y[i] + x_t).flatten()\n",
    "        # assemble result vector b\n",
    "        b = np.concatenate([b_r, b_t, b_zi])\n",
    "        # solve system of linear equations Ax = b using conjugate gradient method\n",
    "        solution, info = scipy.sparse.linalg.cg(A, b, tol=1e-10, maxiter=1000)\n",
    "        # ensure convergence\n",
    "        assert info == 0\n",
    "        # update resulting transformation\n",
    "        r = solution[:3]\n",
    "        t = solution[3:6]\n",
    "        z = solution[6:].reshape(-1, 3)\n",
    "        R = Rotation.from_euler('xyz', r).as_matrix()\n",
    "        # ensure that R is a rotation matrix\n",
    "        assert np.isclose(np.linalg.det(R), 1.0)\n",
    "        transform = (np.dot(transform[0], R), transform[1] + t)\n",
    "        print(iter, '\\n', transform, '\\n')\n",
    "    return transform, z\n"
   ]
  },
  {
   "cell_type": "code",
   "execution_count": 4,
   "metadata": {},
   "outputs": [
    {
     "name": "stdout",
     "output_type": "stream",
     "text": [
      "0 \n",
      " (array([[ 0.986, -0.078,  0.149],\n",
      "       [ 0.088,  0.994, -0.065],\n",
      "       [-0.143,  0.077,  0.987]]), array([-0.182,  1.321, -3.942])) \n",
      "\n",
      "1 \n",
      " (array([[ 0.977, -0.077,  0.201],\n",
      "       [ 0.093,  0.993, -0.072],\n",
      "       [-0.194,  0.089,  0.977]]), array([-0.487,  0.645, -3.24 ])) \n",
      "\n",
      "2 \n",
      " (array([[ 0.969, -0.033,  0.244],\n",
      "       [ 0.049,  0.997, -0.063],\n",
      "       [-0.241,  0.073,  0.968]]), array([-1.562,  0.503, -2.867])) \n",
      "\n",
      "3 \n",
      " (array([[ 0.96 , -0.   ,  0.279],\n",
      "       [ 0.016,  0.998, -0.054],\n",
      "       [-0.279,  0.056,  0.959]]), array([-2.157,  0.494, -2.512])) \n",
      "\n",
      "4 \n",
      " (array([[ 0.952,  0.02 ,  0.306],\n",
      "       [-0.005,  0.999, -0.047],\n",
      "       [-0.306,  0.043,  0.951]]), array([-2.29 ,  0.432, -2.229])) \n",
      "\n",
      "5 \n",
      " (array([[ 0.945,  0.03 ,  0.325],\n",
      "       [-0.018,  0.999, -0.041],\n",
      "       [-0.326,  0.033,  0.945]]), array([-2.233,  0.399, -1.944])) \n",
      "\n",
      "6 \n",
      " (array([[ 0.94 ,  0.033,  0.339],\n",
      "       [-0.022,  0.999, -0.036],\n",
      "       [-0.34 ,  0.026,  0.94 ]]), array([-1.984,  0.396, -1.713])) \n",
      "\n",
      "7 \n",
      " (array([[ 0.937,  0.033,  0.349],\n",
      "       [-0.023,  0.999, -0.032],\n",
      "       [-0.35 ,  0.022,  0.937]]), array([-1.699,  0.394, -1.522])) \n",
      "\n",
      "8 \n",
      " (array([[ 0.933,  0.033,  0.357],\n",
      "       [-0.025,  0.999, -0.029],\n",
      "       [-0.358,  0.018,  0.934]]), array([-1.467,  0.366, -1.318])) \n",
      "\n",
      "9 \n",
      " (array([[ 0.931,  0.032,  0.364],\n",
      "       [-0.024,  0.999, -0.026],\n",
      "       [-0.365,  0.015,  0.931]]), array([-1.224,  0.332, -1.127])) \n",
      "\n",
      "10 \n",
      " (array([[ 0.929,  0.031,  0.37 ],\n",
      "       [-0.024,  0.999, -0.024],\n",
      "       [-0.37 ,  0.013,  0.929]]), array([-0.956,  0.241, -0.974])) \n",
      "\n",
      "11 \n",
      " (array([[ 0.927,  0.029,  0.374],\n",
      "       [-0.023,  1.   , -0.021],\n",
      "       [-0.375,  0.011,  0.927]]), array([-0.754,  0.135, -0.8  ])) \n",
      "\n",
      "12 \n",
      " (array([[ 0.926,  0.025,  0.377],\n",
      "       [-0.02 ,  1.   , -0.018],\n",
      "       [-0.377,  0.009,  0.926]]), array([-0.575,  0.031, -0.59 ])) \n",
      "\n",
      "13 \n",
      " (array([[ 0.925,  0.02 ,  0.378],\n",
      "       [-0.015,  1.   , -0.015],\n",
      "       [-0.379,  0.008,  0.926]]), array([-0.39 , -0.074, -0.367])) \n",
      "\n",
      "14 \n",
      " (array([[ 0.925,  0.014,  0.379],\n",
      "       [-0.011,  1.   , -0.011],\n",
      "       [-0.379,  0.006,  0.925]]), array([-0.28 , -0.144, -0.228])) \n",
      "\n",
      "15 \n",
      " (array([[ 0.925,  0.009,  0.38 ],\n",
      "       [-0.007,  1.   , -0.007],\n",
      "       [-0.38 ,  0.004,  0.925]]), array([-0.186, -0.116, -0.127])) \n",
      "\n",
      "16 \n",
      " (array([[ 0.924,  0.005,  0.382],\n",
      "       [-0.004,  1.   , -0.003],\n",
      "       [-0.382,  0.001,  0.924]]), array([-0.1  , -0.06 , -0.062])) \n",
      "\n",
      "17 \n",
      " (array([[ 0.924,  0.001,  0.382],\n",
      "       [-0.001,  1.   , -0.001],\n",
      "       [-0.382,  0.001,  0.924]]), array([-0.029, -0.023, -0.04 ])) \n",
      "\n",
      "18 \n",
      " (array([[ 0.924,  0.   ,  0.383],\n",
      "       [ 0.   ,  1.   , -0.001],\n",
      "       [-0.383,  0.001,  0.924]]), array([ 0.003, -0.018, -0.034])) \n",
      "\n",
      "19 \n",
      " (array([[ 0.924,  0.   ,  0.383],\n",
      "       [ 0.   ,  1.   , -0.001],\n",
      "       [-0.383,  0.001,  0.924]]), array([ 0.007, -0.023, -0.037])) \n",
      "\n",
      "20 \n",
      " (array([[ 0.924,  0.   ,  0.383],\n",
      "       [ 0.   ,  1.   , -0.001],\n",
      "       [-0.383,  0.001,  0.924]]), array([ 0.007, -0.023, -0.037])) \n",
      "\n",
      "21 \n",
      " (array([[ 0.924,  0.   ,  0.383],\n",
      "       [ 0.   ,  1.   , -0.001],\n",
      "       [-0.383,  0.001,  0.924]]), array([ 0.007, -0.023, -0.037])) \n",
      "\n",
      "22 \n",
      " (array([[ 0.924,  0.   ,  0.383],\n",
      "       [ 0.   ,  1.   , -0.001],\n",
      "       [-0.383,  0.001,  0.924]]), array([ 0.007, -0.023, -0.037])) \n",
      "\n",
      "23 \n",
      " (array([[ 0.924,  0.   ,  0.383],\n",
      "       [ 0.   ,  1.   , -0.001],\n",
      "       [-0.383,  0.001,  0.924]]), array([ 0.007, -0.023, -0.037])) \n",
      "\n",
      "24 \n",
      " (array([[ 0.924,  0.   ,  0.383],\n",
      "       [ 0.   ,  1.   , -0.001],\n",
      "       [-0.383,  0.001,  0.924]]), array([ 0.007, -0.023, -0.037])) \n",
      "\n",
      "25 \n",
      " (array([[ 0.924,  0.   ,  0.383],\n",
      "       [ 0.   ,  1.   , -0.001],\n",
      "       [-0.383,  0.001,  0.924]]), array([ 0.007, -0.023, -0.037])) \n",
      "\n",
      "26 \n",
      " (array([[ 0.924,  0.   ,  0.383],\n",
      "       [ 0.   ,  1.   , -0.001],\n",
      "       [-0.383,  0.001,  0.924]]), array([ 0.007, -0.023, -0.037])) \n",
      "\n",
      "27 \n",
      " (array([[ 0.924,  0.   ,  0.383],\n",
      "       [ 0.   ,  1.   , -0.001],\n",
      "       [-0.383,  0.001,  0.924]]), array([ 0.007, -0.023, -0.037])) \n",
      "\n",
      "28 \n",
      " (array([[ 0.924,  0.   ,  0.383],\n",
      "       [ 0.   ,  1.   , -0.001],\n",
      "       [-0.383,  0.001,  0.924]]), array([ 0.007, -0.023, -0.037])) \n",
      "\n",
      "29 \n",
      " (array([[ 0.924,  0.   ,  0.383],\n",
      "       [ 0.   ,  1.   , -0.001],\n",
      "       [-0.383,  0.001,  0.924]]), array([ 0.007, -0.023, -0.037])) \n",
      "\n",
      "30 \n",
      " (array([[ 0.924,  0.   ,  0.383],\n",
      "       [ 0.   ,  1.   , -0.001],\n",
      "       [-0.383,  0.001,  0.924]]), array([ 0.007, -0.023, -0.037])) \n",
      "\n",
      "31 \n",
      " (array([[ 0.924,  0.   ,  0.383],\n",
      "       [ 0.   ,  1.   , -0.001],\n",
      "       [-0.383,  0.001,  0.924]]), array([ 0.007, -0.023, -0.037])) \n",
      "\n",
      "32 \n",
      " (array([[ 0.924,  0.   ,  0.383],\n",
      "       [ 0.   ,  1.   , -0.001],\n",
      "       [-0.383,  0.001,  0.924]]), array([ 0.007, -0.023, -0.037])) \n",
      "\n",
      "33 \n",
      " (array([[ 0.924,  0.   ,  0.383],\n",
      "       [ 0.   ,  1.   , -0.001],\n",
      "       [-0.383,  0.001,  0.924]]), array([ 0.007, -0.023, -0.037])) \n",
      "\n",
      "34 \n",
      " (array([[ 0.924,  0.   ,  0.383],\n",
      "       [ 0.   ,  1.   , -0.001],\n",
      "       [-0.383,  0.001,  0.924]]), array([ 0.007, -0.023, -0.037])) \n",
      "\n",
      "35 \n",
      " (array([[ 0.924,  0.   ,  0.383],\n",
      "       [ 0.   ,  1.   , -0.001],\n",
      "       [-0.383,  0.001,  0.924]]), array([ 0.007, -0.023, -0.037])) \n",
      "\n",
      "36 \n",
      " (array([[ 0.924,  0.   ,  0.383],\n",
      "       [ 0.   ,  1.   , -0.001],\n",
      "       [-0.383,  0.001,  0.924]]), array([ 0.007, -0.023, -0.037])) \n",
      "\n",
      "37 \n",
      " (array([[ 0.924,  0.   ,  0.383],\n",
      "       [ 0.   ,  1.   , -0.001],\n",
      "       [-0.383,  0.001,  0.924]]), array([ 0.007, -0.023, -0.037])) \n",
      "\n",
      "38 \n",
      " (array([[ 0.924,  0.   ,  0.383],\n",
      "       [ 0.   ,  1.   , -0.001],\n",
      "       [-0.383,  0.001,  0.924]]), array([ 0.007, -0.023, -0.037])) \n",
      "\n",
      "39 \n",
      " (array([[ 0.924,  0.   ,  0.383],\n",
      "       [ 0.   ,  1.   , -0.001],\n",
      "       [-0.383,  0.001,  0.924]]), array([ 0.007, -0.023, -0.037])) \n",
      "\n",
      "40 \n",
      " (array([[ 0.924,  0.   ,  0.383],\n",
      "       [ 0.   ,  1.   , -0.001],\n",
      "       [-0.383,  0.001,  0.924]]), array([ 0.007, -0.023, -0.037])) \n",
      "\n",
      "41 \n",
      " (array([[ 0.924,  0.   ,  0.383],\n",
      "       [ 0.   ,  1.   , -0.001],\n",
      "       [-0.383,  0.001,  0.924]]), array([ 0.007, -0.023, -0.037])) \n",
      "\n",
      "42 \n",
      " (array([[ 0.924,  0.   ,  0.383],\n",
      "       [ 0.   ,  1.   , -0.001],\n",
      "       [-0.383,  0.001,  0.924]]), array([ 0.007, -0.023, -0.037])) \n",
      "\n",
      "43 \n",
      " (array([[ 0.924,  0.   ,  0.383],\n",
      "       [ 0.   ,  1.   , -0.001],\n",
      "       [-0.383,  0.001,  0.924]]), array([ 0.007, -0.023, -0.037])) \n",
      "\n",
      "44 \n",
      " (array([[ 0.924,  0.   ,  0.383],\n",
      "       [ 0.   ,  1.   , -0.001],\n",
      "       [-0.383,  0.001,  0.924]]), array([ 0.007, -0.023, -0.037])) \n",
      "\n",
      "45 \n",
      " (array([[ 0.924,  0.   ,  0.383],\n",
      "       [ 0.   ,  1.   , -0.001],\n",
      "       [-0.383,  0.001,  0.924]]), array([ 0.007, -0.023, -0.037])) \n",
      "\n",
      "46 \n",
      " (array([[ 0.924,  0.   ,  0.383],\n",
      "       [ 0.   ,  1.   , -0.001],\n",
      "       [-0.383,  0.001,  0.924]]), array([ 0.007, -0.023, -0.037])) \n",
      "\n",
      "47 \n",
      " (array([[ 0.924,  0.   ,  0.383],\n",
      "       [ 0.   ,  1.   , -0.001],\n",
      "       [-0.383,  0.001,  0.924]]), array([ 0.007, -0.023, -0.037])) \n",
      "\n",
      "48 \n",
      " (array([[ 0.924,  0.   ,  0.383],\n",
      "       [ 0.   ,  1.   , -0.001],\n",
      "       [-0.383,  0.001,  0.924]]), array([ 0.007, -0.023, -0.037])) \n",
      "\n",
      "49 \n",
      " (array([[ 0.924,  0.   ,  0.383],\n",
      "       [ 0.   ,  1.   , -0.001],\n",
      "       [-0.383,  0.001,  0.924]]), array([ 0.007, -0.023, -0.037])) \n",
      "\n",
      "50 \n",
      " (array([[ 0.924,  0.   ,  0.383],\n",
      "       [ 0.   ,  1.   , -0.001],\n",
      "       [-0.383,  0.001,  0.924]]), array([ 0.007, -0.023, -0.037])) \n",
      "\n",
      "51 \n",
      " (array([[ 0.924,  0.   ,  0.383],\n",
      "       [ 0.   ,  1.   , -0.001],\n",
      "       [-0.383,  0.001,  0.924]]), array([ 0.007, -0.023, -0.037])) \n",
      "\n",
      "52 \n",
      " (array([[ 0.924,  0.   ,  0.383],\n",
      "       [ 0.   ,  1.   , -0.001],\n",
      "       [-0.383,  0.001,  0.924]]), array([ 0.007, -0.023, -0.037])) \n",
      "\n",
      "53 \n",
      " (array([[ 0.924,  0.   ,  0.383],\n",
      "       [ 0.   ,  1.   , -0.001],\n",
      "       [-0.383,  0.001,  0.924]]), array([ 0.007, -0.023, -0.037])) \n",
      "\n",
      "54 \n",
      " (array([[ 0.924,  0.   ,  0.383],\n",
      "       [ 0.   ,  1.   , -0.001],\n",
      "       [-0.383,  0.001,  0.924]]), array([ 0.007, -0.023, -0.037])) \n",
      "\n",
      "55 \n",
      " (array([[ 0.924,  0.   ,  0.383],\n",
      "       [ 0.   ,  1.   , -0.001],\n",
      "       [-0.383,  0.001,  0.924]]), array([ 0.007, -0.023, -0.037])) \n",
      "\n",
      "56 \n",
      " (array([[ 0.924,  0.   ,  0.383],\n",
      "       [ 0.   ,  1.   , -0.001],\n",
      "       [-0.383,  0.001,  0.924]]), array([ 0.007, -0.023, -0.037])) \n",
      "\n",
      "57 \n",
      " (array([[ 0.924,  0.   ,  0.383],\n",
      "       [ 0.   ,  1.   , -0.001],\n",
      "       [-0.383,  0.001,  0.924]]), array([ 0.007, -0.023, -0.037])) \n",
      "\n",
      "58 \n",
      " (array([[ 0.924,  0.   ,  0.383],\n",
      "       [ 0.   ,  1.   , -0.001],\n",
      "       [-0.383,  0.001,  0.924]]), array([ 0.007, -0.023, -0.037])) \n",
      "\n",
      "59 \n",
      " (array([[ 0.924,  0.   ,  0.383],\n",
      "       [ 0.   ,  1.   , -0.001],\n",
      "       [-0.383,  0.001,  0.924]]), array([ 0.007, -0.023, -0.037])) \n",
      "\n",
      "60 \n",
      " (array([[ 0.924,  0.   ,  0.383],\n",
      "       [ 0.   ,  1.   , -0.001],\n",
      "       [-0.383,  0.001,  0.924]]), array([ 0.007, -0.023, -0.037])) \n",
      "\n",
      "61 \n",
      " (array([[ 0.924,  0.   ,  0.383],\n",
      "       [ 0.   ,  1.   , -0.001],\n",
      "       [-0.383,  0.001,  0.924]]), array([ 0.007, -0.023, -0.037])) \n",
      "\n",
      "62 \n",
      " (array([[ 0.924,  0.   ,  0.383],\n",
      "       [ 0.   ,  1.   , -0.001],\n",
      "       [-0.383,  0.001,  0.924]]), array([ 0.007, -0.023, -0.037])) \n",
      "\n",
      "63 \n",
      " (array([[ 0.924,  0.   ,  0.383],\n",
      "       [ 0.   ,  1.   , -0.001],\n",
      "       [-0.383,  0.001,  0.924]]), array([ 0.007, -0.023, -0.037])) \n",
      "\n",
      "64 \n",
      " (array([[ 0.924,  0.   ,  0.383],\n",
      "       [ 0.   ,  1.   , -0.001],\n",
      "       [-0.383,  0.001,  0.924]]), array([ 0.007, -0.023, -0.037])) \n",
      "\n",
      "65 \n",
      " (array([[ 0.924,  0.   ,  0.383],\n",
      "       [ 0.   ,  1.   , -0.001],\n",
      "       [-0.383,  0.001,  0.924]]), array([ 0.007, -0.023, -0.037])) \n",
      "\n",
      "66 \n",
      " (array([[ 0.924,  0.   ,  0.383],\n",
      "       [ 0.   ,  1.   , -0.001],\n",
      "       [-0.383,  0.001,  0.924]]), array([ 0.007, -0.023, -0.037])) \n",
      "\n",
      "67 \n",
      " (array([[ 0.924,  0.   ,  0.383],\n",
      "       [ 0.   ,  1.   , -0.001],\n",
      "       [-0.383,  0.001,  0.924]]), array([ 0.007, -0.023, -0.037])) \n",
      "\n",
      "68 \n",
      " (array([[ 0.924,  0.   ,  0.383],\n",
      "       [ 0.   ,  1.   , -0.001],\n",
      "       [-0.383,  0.001,  0.924]]), array([ 0.007, -0.023, -0.037])) \n",
      "\n",
      "69 \n",
      " (array([[ 0.924,  0.   ,  0.383],\n",
      "       [ 0.   ,  1.   , -0.001],\n",
      "       [-0.383,  0.001,  0.924]]), array([ 0.007, -0.023, -0.037])) \n",
      "\n",
      "70 \n",
      " (array([[ 0.924,  0.   ,  0.383],\n",
      "       [ 0.   ,  1.   , -0.001],\n",
      "       [-0.383,  0.001,  0.924]]), array([ 0.007, -0.023, -0.037])) \n",
      "\n",
      "71 \n",
      " (array([[ 0.924,  0.   ,  0.383],\n",
      "       [ 0.   ,  1.   , -0.001],\n",
      "       [-0.383,  0.001,  0.924]]), array([ 0.007, -0.023, -0.037])) \n",
      "\n",
      "72 \n",
      " (array([[ 0.924,  0.   ,  0.383],\n",
      "       [ 0.   ,  1.   , -0.001],\n",
      "       [-0.383,  0.001,  0.924]]), array([ 0.007, -0.023, -0.037])) \n",
      "\n",
      "73 \n",
      " (array([[ 0.924,  0.   ,  0.383],\n",
      "       [ 0.   ,  1.   , -0.001],\n",
      "       [-0.383,  0.001,  0.924]]), array([ 0.007, -0.023, -0.037])) \n",
      "\n",
      "74 \n",
      " (array([[ 0.924,  0.   ,  0.383],\n",
      "       [ 0.   ,  1.   , -0.001],\n",
      "       [-0.383,  0.001,  0.924]]), array([ 0.007, -0.023, -0.037])) \n",
      "\n",
      "75 \n",
      " (array([[ 0.924,  0.   ,  0.383],\n",
      "       [ 0.   ,  1.   , -0.001],\n",
      "       [-0.383,  0.001,  0.924]]), array([ 0.007, -0.023, -0.037])) \n",
      "\n",
      "76 \n",
      " (array([[ 0.924,  0.   ,  0.383],\n",
      "       [ 0.   ,  1.   , -0.001],\n",
      "       [-0.383,  0.001,  0.924]]), array([ 0.007, -0.023, -0.037])) \n",
      "\n",
      "77 \n",
      " (array([[ 0.924,  0.   ,  0.383],\n",
      "       [ 0.   ,  1.   , -0.001],\n",
      "       [-0.383,  0.001,  0.924]]), array([ 0.007, -0.023, -0.037])) \n",
      "\n",
      "78 \n",
      " (array([[ 0.924,  0.   ,  0.383],\n",
      "       [ 0.   ,  1.   , -0.001],\n",
      "       [-0.383,  0.001,  0.924]]), array([ 0.007, -0.023, -0.037])) \n",
      "\n",
      "79 \n",
      " (array([[ 0.924,  0.   ,  0.383],\n",
      "       [ 0.   ,  1.   , -0.001],\n",
      "       [-0.383,  0.001,  0.924]]), array([ 0.007, -0.023, -0.037])) \n",
      "\n",
      "80 \n",
      " (array([[ 0.924,  0.   ,  0.383],\n",
      "       [ 0.   ,  1.   , -0.001],\n",
      "       [-0.383,  0.001,  0.924]]), array([ 0.007, -0.023, -0.037])) \n",
      "\n",
      "81 \n",
      " (array([[ 0.924,  0.   ,  0.383],\n",
      "       [ 0.   ,  1.   , -0.001],\n",
      "       [-0.383,  0.001,  0.924]]), array([ 0.007, -0.023, -0.037])) \n",
      "\n",
      "82 \n",
      " (array([[ 0.924,  0.   ,  0.383],\n",
      "       [ 0.   ,  1.   , -0.001],\n",
      "       [-0.383,  0.001,  0.924]]), array([ 0.007, -0.023, -0.037])) \n",
      "\n",
      "83 \n",
      " (array([[ 0.924,  0.   ,  0.383],\n",
      "       [ 0.   ,  1.   , -0.001],\n",
      "       [-0.383,  0.001,  0.924]]), array([ 0.007, -0.023, -0.037])) \n",
      "\n",
      "84 \n",
      " (array([[ 0.924,  0.   ,  0.383],\n",
      "       [ 0.   ,  1.   , -0.001],\n",
      "       [-0.383,  0.001,  0.924]]), array([ 0.007, -0.023, -0.037])) \n",
      "\n",
      "85 \n",
      " (array([[ 0.924,  0.   ,  0.383],\n",
      "       [ 0.   ,  1.   , -0.001],\n",
      "       [-0.383,  0.001,  0.924]]), array([ 0.007, -0.023, -0.037])) \n",
      "\n",
      "86 \n",
      " (array([[ 0.924,  0.   ,  0.383],\n",
      "       [ 0.   ,  1.   , -0.001],\n",
      "       [-0.383,  0.001,  0.924]]), array([ 0.007, -0.023, -0.037])) \n",
      "\n",
      "87 \n",
      " (array([[ 0.924,  0.   ,  0.383],\n",
      "       [ 0.   ,  1.   , -0.001],\n",
      "       [-0.383,  0.001,  0.924]]), array([ 0.007, -0.023, -0.037])) \n",
      "\n",
      "88 \n",
      " (array([[ 0.924,  0.   ,  0.383],\n",
      "       [ 0.   ,  1.   , -0.001],\n",
      "       [-0.383,  0.001,  0.924]]), array([ 0.007, -0.023, -0.037])) \n",
      "\n",
      "89 \n",
      " (array([[ 0.924,  0.   ,  0.383],\n",
      "       [ 0.   ,  1.   , -0.001],\n",
      "       [-0.383,  0.001,  0.924]]), array([ 0.007, -0.023, -0.037])) \n",
      "\n",
      "90 \n",
      " (array([[ 0.924,  0.   ,  0.383],\n",
      "       [ 0.   ,  1.   , -0.001],\n",
      "       [-0.383,  0.001,  0.924]]), array([ 0.007, -0.023, -0.037])) \n",
      "\n",
      "91 \n",
      " (array([[ 0.924,  0.   ,  0.383],\n",
      "       [ 0.   ,  1.   , -0.001],\n",
      "       [-0.383,  0.001,  0.924]]), array([ 0.007, -0.023, -0.037])) \n",
      "\n",
      "92 \n",
      " (array([[ 0.924,  0.   ,  0.383],\n",
      "       [ 0.   ,  1.   , -0.001],\n",
      "       [-0.383,  0.001,  0.924]]), array([ 0.007, -0.023, -0.037])) \n",
      "\n",
      "93 \n",
      " (array([[ 0.924,  0.   ,  0.383],\n",
      "       [ 0.   ,  1.   , -0.001],\n",
      "       [-0.383,  0.001,  0.924]]), array([ 0.007, -0.023, -0.037])) \n",
      "\n",
      "94 \n",
      " (array([[ 0.924,  0.   ,  0.383],\n",
      "       [ 0.   ,  1.   , -0.001],\n",
      "       [-0.383,  0.001,  0.924]]), array([ 0.007, -0.023, -0.037])) \n",
      "\n",
      "95 \n",
      " (array([[ 0.924,  0.   ,  0.383],\n",
      "       [ 0.   ,  1.   , -0.001],\n",
      "       [-0.383,  0.001,  0.924]]), array([ 0.007, -0.023, -0.037])) \n",
      "\n",
      "96 \n",
      " (array([[ 0.924,  0.   ,  0.383],\n",
      "       [ 0.   ,  1.   , -0.001],\n",
      "       [-0.383,  0.001,  0.924]]), array([ 0.007, -0.023, -0.037])) \n",
      "\n",
      "97 \n",
      " (array([[ 0.924,  0.   ,  0.383],\n",
      "       [ 0.   ,  1.   , -0.001],\n",
      "       [-0.383,  0.001,  0.924]]), array([ 0.007, -0.023, -0.037])) \n",
      "\n",
      "98 \n",
      " (array([[ 0.924,  0.   ,  0.383],\n",
      "       [ 0.   ,  1.   , -0.001],\n",
      "       [-0.383,  0.001,  0.924]]), array([ 0.007, -0.023, -0.037])) \n",
      "\n",
      "99 \n",
      " (array([[ 0.924,  0.   ,  0.383],\n",
      "       [ 0.   ,  1.   , -0.001],\n",
      "       [-0.383,  0.001,  0.924]]), array([ 0.007, -0.023, -0.037])) \n",
      "\n",
      "ground truth\n",
      " [[ 0.924  0.     0.383]\n",
      " [ 0.     1.     0.   ]\n",
      " [-0.383  0.     0.924]] [0. 0. 0.]\n"
     ]
    }
   ],
   "source": [
    "(R, t), z = register(mesh1, mesh2, max_iter=100)\n",
    "print('ground truth\\n', M[:3, :3], M[:3, 3])\n",
    "trans_mesh = trimesh.base.Trimesh(mesh1.vertices.dot(R) + t, mesh1.faces) # z is also interesting\n",
    "\n",
    "if os.path.exists(\"scene.html\"):\n",
    "    os.remove(\"scene.html\")\n",
    "html = viewer.notebook.scene_to_html(trimesh.util.concatenate([trans_mesh, mesh2]).scene())\n",
    "with open(\"scene.html\", \"w\") as file:\n",
    "    file.write(html)\n"
   ]
  }
 ],
 "metadata": {
  "kernelspec": {
   "display_name": "Python 3",
   "language": "python",
   "name": "python3"
  },
  "language_info": {
   "codemirror_mode": {
    "name": "ipython",
    "version": 3
   },
   "file_extension": ".py",
   "mimetype": "text/x-python",
   "name": "python",
   "nbconvert_exporter": "python",
   "pygments_lexer": "ipython3",
   "version": "3.7.11"
  },
  "orig_nbformat": 4
 },
 "nbformat": 4,
 "nbformat_minor": 2
}
