{
 "cells": [
  {
   "cell_type": "code",
   "execution_count": 37,
   "metadata": {},
   "outputs": [],
   "source": [
    "import os\n",
    "import scipy\n",
    "import numpy as np\n",
    "import trimesh\n",
    "from trimesh import viewer\n",
    "from trimesh.transformations import translation_matrix, rotation_matrix, concatenate_matrices\n",
    "from scipy.spatial.transform import Rotation\n",
    "from scipy.spatial import cKDTree\n",
    "\n",
    "np.set_printoptions(precision=3, suppress=True, linewidth=np.inf)\n"
   ]
  },
  {
   "cell_type": "code",
   "execution_count": 38,
   "metadata": {},
   "outputs": [],
   "source": [
    "mesh1 = trimesh.exchange.load.load('wolf1.ply')\n",
    "mesh2 = mesh1.copy()\n",
    "\n",
    "# apply an arbitrary transformation to mesh1\n",
    "mesh1 = mesh1.slice_plane(plane_normal=[0, -1, 0], plane_origin=[10, 10, 10])\n",
    "T = translation_matrix([0, 0, 0])\n",
    "xaxis, yaxis, zaxis = [1, 0, 0], [0, 1, 0], [0, 0, 1]\n",
    "Rx = rotation_matrix(0, xaxis)\n",
    "Ry = rotation_matrix(np.pi/8, yaxis)\n",
    "Rz = rotation_matrix(0, zaxis)\n",
    "M = concatenate_matrices(T, Rx, Ry, Rz)\n",
    "mesh1.apply_transform(M)\n",
    "\n",
    "# write scene to html\n",
    "if os.path.exists(\"scene.html\"):\n",
    "    os.remove(\"scene.html\")\n",
    "html = viewer.notebook.scene_to_html((trimesh.util.concatenate([mesh1, mesh2])).scene())\n",
    "with open(\"scene.html\", \"w\") as file:\n",
    "    file.write(html)\n"
   ]
  },
  {
   "cell_type": "code",
   "execution_count": 39,
   "metadata": {},
   "outputs": [],
   "source": [
    "def register(source, target, w1=0.1, w2=0.1, w3=1.0, max_iter=100):\n",
    "    # resulting transformation is (R, t)\n",
    "    transform = (np.eye(3), np.zeros(3))\n",
    "    x = source.vertices\n",
    "    y = target.vertices\n",
    "    yn = target.vertex_normals\n",
    "    print(yn)\n",
    "    N = len(x)\n",
    "    z = x.copy()\n",
    "    tree = cKDTree(y)\n",
    "    for iter in range(max_iter):\n",
    "        _, i = tree.query(z, k=1)\n",
    "        # applies transformation to original x\n",
    "        x_t = x.dot(transform[0]) + transform[1]\n",
    "        # build a matrix equivalent to cross product\n",
    "        X_t = np.stack([\n",
    "            np.stack((np.zeros(len(x_t)), -x_t[:, 2], x_t[:, 1]), axis=1),\n",
    "            np.stack((x_t[:, 2], np.zeros(len(x_t)), -x_t[:, 0]), axis=1),\n",
    "            np.stack((-x_t[:, 1], x_t[:, 0], np.zeros(len(x_t))), axis=1)\n",
    "        ], axis=1)\n",
    "        # build blocks of sparse coefficient matrix A\n",
    "        A_rr = np.einsum('abc,adc->bd', X_t, X_t)\n",
    "        A_tr = -np.sum(X_t, axis=0)\n",
    "        A_zir = np.concatenate([X_ti for X_ti in X_t], axis=1)\n",
    "        A_rt = A_tr.T\n",
    "        A_tt = N * np.eye(3)\n",
    "        A_zit = -np.tile(np.eye(3), len(x_t))\n",
    "        A_rzi = A_zir.T\n",
    "        A_tzi = A_zit.T\n",
    "        A_zizj = scipy.sparse.eye(3 * N) + \\\n",
    "                 w1 / w3 * scipy.sparse.eye(3 * N) + \\\n",
    "                 w2 / w3 * scipy.sparse.block_diag(np.einsum('ab,ac->abc', yn[i], yn[i]), format='csr')\n",
    "        A_rr = scipy.sparse.csr_matrix(A_rr)\n",
    "        A_tr = scipy.sparse.csr_matrix(A_tr)\n",
    "        A_zir = scipy.sparse.csr_matrix(A_zir)\n",
    "        A_rt = scipy.sparse.csr_matrix(A_rt)\n",
    "        A_tt = scipy.sparse.csr_matrix(A_tt)\n",
    "        A_zit = scipy.sparse.csr_matrix(A_zit)\n",
    "        A_rzi = scipy.sparse.csr_matrix(A_rzi)\n",
    "        A_tzi = scipy.sparse.csr_matrix(A_tzi)\n",
    "        A_zizj = scipy.sparse.csr_matrix(A_zizj)\n",
    "        # assemble coefficient matrix A\n",
    "        A = scipy.sparse.bmat([[A_rr, A_tr, A_zir],\n",
    "                               [A_rt, A_tt, A_zit],\n",
    "                               [A_rzi, A_tzi, A_zizj]], format='csr')\n",
    "        # build blocks of result vector b\n",
    "        b_r = np.zeros(3)\n",
    "        b_t = -np.sum(x_t, axis=0)\n",
    "        b_zi = (w1 / w3 * y[i] + w2 / w3 * np.einsum('ab,ac,ac->ab', yn[i], yn[i], y[i]) + x_t).flatten()\n",
    "        # assemble result vector b\n",
    "        b = np.concatenate([b_r, b_t, b_zi])\n",
    "        # solve system of linear equations Ax = b using conjugate gradient method\n",
    "        solution, info = scipy.sparse.linalg.cg(A, b, tol=1e-10, maxiter=1000)\n",
    "        # ensure convergence\n",
    "        assert info == 0\n",
    "        # update resulting transformation\n",
    "        r = solution[:3]\n",
    "        t = solution[3:6]\n",
    "        z = solution[6:].reshape(-1, 3)\n",
    "        R = Rotation.from_euler('xyz', r).as_matrix()\n",
    "        # ensure that R is a rotation matrix\n",
    "        assert np.isclose(np.linalg.det(R), 1.0)\n",
    "        transform = (np.dot(transform[0], R), transform[1] + t)\n",
    "        print(iter, '\\n', transform, '\\n')\n",
    "    return transform, z\n"
   ]
  },
  {
   "cell_type": "code",
   "execution_count": 40,
   "metadata": {},
   "outputs": [
    {
     "name": "stdout",
     "output_type": "stream",
     "text": [
      "[[-0.428  0.76  -0.489]\n",
      " [-0.203  0.621 -0.757]\n",
      " [-0.029  0.723 -0.691]\n",
      " ...\n",
      " [-0.292  0.809  0.51 ]\n",
      " [-0.555  0.787  0.27 ]\n",
      " [-0.606  0.782 -0.146]]\n",
      "0 \n",
      " (array([[ 0.974, -0.12 ,  0.194],\n",
      "       [ 0.131,  0.99 , -0.047],\n",
      "       [-0.187,  0.072,  0.98 ]]), array([ 0.892, -0.43 , -0.819])) \n",
      "\n",
      "1 \n",
      " (array([[ 0.961, -0.109,  0.256],\n",
      "       [ 0.125,  0.991, -0.046],\n",
      "       [-0.248,  0.076,  0.966]]), array([ 2.375, -1.133, -0.439])) \n",
      "\n",
      "2 \n",
      " (array([[ 0.955, -0.084,  0.284],\n",
      "       [ 0.099,  0.994, -0.038],\n",
      "       [-0.279,  0.065,  0.958]]), array([ 2.021, -1.339, -0.121])) \n",
      "\n",
      "3 \n",
      " (array([[ 0.95 , -0.054,  0.307],\n",
      "       [ 0.067,  0.997, -0.033],\n",
      "       [-0.305,  0.052,  0.951]]), array([ 1.484, -1.204, -0.228])) \n",
      "\n",
      "4 \n",
      " (array([[ 0.944, -0.038,  0.329],\n",
      "       [ 0.047,  0.999, -0.02 ],\n",
      "       [-0.328,  0.034,  0.944]]), array([ 1.305, -1.132,  0.096])) \n",
      "\n",
      "5 \n",
      " (array([[ 0.939, -0.033,  0.341],\n",
      "       [ 0.04 ,  0.999, -0.015],\n",
      "       [-0.341,  0.028,  0.94 ]]), array([ 1.416, -0.925,  0.131])) \n",
      "\n",
      "6 \n",
      " (array([[ 0.936, -0.03 ,  0.351],\n",
      "       [ 0.035,  0.999, -0.009],\n",
      "       [-0.35 ,  0.021,  0.936]]), array([ 1.403, -0.875,  0.304])) \n",
      "\n",
      "7 \n",
      " (array([[ 0.934, -0.027,  0.355],\n",
      "       [ 0.032,  0.999, -0.009],\n",
      "       [-0.355,  0.02 ,  0.935]]), array([ 1.352, -0.751,  0.152])) \n",
      "\n",
      "8 \n",
      " (array([[ 0.933, -0.028,  0.358],\n",
      "       [ 0.032,  0.999, -0.008],\n",
      "       [-0.358,  0.019,  0.934]]), array([ 1.321, -0.742,  0.171])) \n",
      "\n",
      "9 \n",
      " (array([[ 0.933, -0.029,  0.358],\n",
      "       [ 0.034,  0.999, -0.008],\n",
      "       [-0.358,  0.02 ,  0.934]]), array([ 1.316, -0.625,  0.099])) \n",
      "\n",
      "10 \n",
      " (array([[ 0.933, -0.029,  0.359],\n",
      "       [ 0.034,  0.999, -0.007],\n",
      "       [-0.358,  0.019,  0.933]]), array([ 1.286, -0.592,  0.13 ])) \n",
      "\n",
      "11 \n",
      " (array([[ 0.933, -0.029,  0.359],\n",
      "       [ 0.034,  0.999, -0.007],\n",
      "       [-0.358,  0.019,  0.934]]), array([ 1.258, -0.515,  0.122])) \n",
      "\n",
      "12 \n",
      " (array([[ 0.933, -0.029,  0.359],\n",
      "       [ 0.034,  0.999, -0.007],\n",
      "       [-0.359,  0.018,  0.933]]), array([ 1.259, -0.558,  0.123])) \n",
      "\n",
      "13 \n",
      " (array([[ 0.933, -0.028,  0.359],\n",
      "       [ 0.033,  0.999, -0.007],\n",
      "       [-0.359,  0.018,  0.933]]), array([ 1.227, -0.501,  0.096])) \n",
      "\n",
      "14 \n",
      " (array([[ 0.933, -0.029,  0.359],\n",
      "       [ 0.033,  0.999, -0.006],\n",
      "       [-0.359,  0.017,  0.933]]), array([ 1.23 , -0.51 ,  0.151])) \n",
      "\n",
      "15 \n",
      " (array([[ 0.933, -0.029,  0.359],\n",
      "       [ 0.033,  0.999, -0.007],\n",
      "       [-0.358,  0.018,  0.933]]), array([ 1.212, -0.449,  0.136])) \n",
      "\n",
      "16 \n",
      " (array([[ 0.933, -0.029,  0.359],\n",
      "       [ 0.033,  0.999, -0.005],\n",
      "       [-0.359,  0.017,  0.933]]), array([ 1.233, -0.476,  0.173])) \n",
      "\n",
      "17 \n",
      " (array([[ 0.933, -0.029,  0.359],\n",
      "       [ 0.033,  0.999, -0.006],\n",
      "       [-0.358,  0.018,  0.933]]), array([ 1.21 , -0.436,  0.143])) \n",
      "\n",
      "18 \n",
      " (array([[ 0.933, -0.029,  0.359],\n",
      "       [ 0.033,  0.999, -0.005],\n",
      "       [-0.359,  0.017,  0.933]]), array([ 1.231, -0.475,  0.169])) \n",
      "\n",
      "19 \n",
      " (array([[ 0.933, -0.029,  0.358],\n",
      "       [ 0.033,  0.999, -0.006],\n",
      "       [-0.358,  0.018,  0.934]]), array([ 1.202, -0.424,  0.145])) \n",
      "\n",
      "20 \n",
      " (array([[ 0.933, -0.029,  0.359],\n",
      "       [ 0.034,  0.999, -0.005],\n",
      "       [-0.359,  0.017,  0.933]]), array([ 1.233, -0.47 ,  0.167])) \n",
      "\n",
      "21 \n",
      " (array([[ 0.933, -0.029,  0.358],\n",
      "       [ 0.033,  0.999, -0.006],\n",
      "       [-0.358,  0.018,  0.934]]), array([ 1.204, -0.428,  0.14 ])) \n",
      "\n",
      "22 \n",
      " (array([[ 0.933, -0.029,  0.359],\n",
      "       [ 0.033,  0.999, -0.005],\n",
      "       [-0.359,  0.017,  0.933]]), array([ 1.232, -0.472,  0.165])) \n",
      "\n",
      "23 \n",
      " (array([[ 0.933, -0.029,  0.358],\n",
      "       [ 0.033,  0.999, -0.006],\n",
      "       [-0.358,  0.018,  0.934]]), array([ 1.202, -0.422,  0.143])) \n",
      "\n",
      "24 \n",
      " (array([[ 0.933, -0.029,  0.359],\n",
      "       [ 0.034,  0.999, -0.005],\n",
      "       [-0.359,  0.017,  0.933]]), array([ 1.234, -0.472,  0.167])) \n",
      "\n",
      "25 \n",
      " (array([[ 0.933, -0.029,  0.358],\n",
      "       [ 0.033,  0.999, -0.006],\n",
      "       [-0.358,  0.018,  0.934]]), array([ 1.204, -0.428,  0.139])) \n",
      "\n",
      "26 \n",
      " (array([[ 0.933, -0.029,  0.359],\n",
      "       [ 0.033,  0.999, -0.005],\n",
      "       [-0.359,  0.017,  0.933]]), array([ 1.233, -0.472,  0.164])) \n",
      "\n",
      "27 \n",
      " (array([[ 0.933, -0.029,  0.358],\n",
      "       [ 0.033,  0.999, -0.006],\n",
      "       [-0.358,  0.018,  0.934]]), array([ 1.202, -0.422,  0.143])) \n",
      "\n",
      "28 \n",
      " (array([[ 0.933, -0.029,  0.359],\n",
      "       [ 0.034,  0.999, -0.005],\n",
      "       [-0.359,  0.017,  0.933]]), array([ 1.234, -0.472,  0.167])) \n",
      "\n",
      "29 \n",
      " (array([[ 0.933, -0.029,  0.358],\n",
      "       [ 0.033,  0.999, -0.006],\n",
      "       [-0.358,  0.018,  0.934]]), array([ 1.204, -0.428,  0.139])) \n",
      "\n",
      "30 \n",
      " (array([[ 0.933, -0.029,  0.359],\n",
      "       [ 0.033,  0.999, -0.005],\n",
      "       [-0.359,  0.017,  0.933]]), array([ 1.233, -0.472,  0.164])) \n",
      "\n",
      "31 \n",
      " (array([[ 0.933, -0.029,  0.358],\n",
      "       [ 0.033,  0.999, -0.006],\n",
      "       [-0.358,  0.018,  0.934]]), array([ 1.202, -0.422,  0.143])) \n",
      "\n",
      "32 \n",
      " (array([[ 0.933, -0.029,  0.359],\n",
      "       [ 0.034,  0.999, -0.005],\n",
      "       [-0.359,  0.017,  0.933]]), array([ 1.234, -0.472,  0.167])) \n",
      "\n",
      "33 \n",
      " (array([[ 0.933, -0.029,  0.358],\n",
      "       [ 0.033,  0.999, -0.006],\n",
      "       [-0.358,  0.018,  0.934]]), array([ 1.204, -0.428,  0.139])) \n",
      "\n",
      "34 \n",
      " (array([[ 0.933, -0.029,  0.359],\n",
      "       [ 0.033,  0.999, -0.005],\n",
      "       [-0.359,  0.017,  0.933]]), array([ 1.233, -0.472,  0.164])) \n",
      "\n",
      "35 \n",
      " (array([[ 0.933, -0.029,  0.358],\n",
      "       [ 0.033,  0.999, -0.006],\n",
      "       [-0.358,  0.018,  0.934]]), array([ 1.202, -0.422,  0.143])) \n",
      "\n",
      "36 \n",
      " (array([[ 0.933, -0.029,  0.359],\n",
      "       [ 0.034,  0.999, -0.005],\n",
      "       [-0.359,  0.017,  0.933]]), array([ 1.234, -0.472,  0.167])) \n",
      "\n",
      "37 \n",
      " (array([[ 0.933, -0.029,  0.358],\n",
      "       [ 0.033,  0.999, -0.006],\n",
      "       [-0.358,  0.018,  0.934]]), array([ 1.204, -0.428,  0.139])) \n",
      "\n",
      "38 \n",
      " (array([[ 0.933, -0.029,  0.359],\n",
      "       [ 0.033,  0.999, -0.005],\n",
      "       [-0.359,  0.017,  0.933]]), array([ 1.233, -0.472,  0.164])) \n",
      "\n",
      "39 \n",
      " (array([[ 0.933, -0.029,  0.358],\n",
      "       [ 0.033,  0.999, -0.006],\n",
      "       [-0.358,  0.018,  0.934]]), array([ 1.202, -0.422,  0.143])) \n",
      "\n",
      "40 \n",
      " (array([[ 0.933, -0.029,  0.359],\n",
      "       [ 0.034,  0.999, -0.005],\n",
      "       [-0.359,  0.017,  0.933]]), array([ 1.234, -0.472,  0.167])) \n",
      "\n",
      "41 \n",
      " (array([[ 0.933, -0.029,  0.358],\n",
      "       [ 0.033,  0.999, -0.006],\n",
      "       [-0.358,  0.018,  0.934]]), array([ 1.204, -0.428,  0.139])) \n",
      "\n",
      "42 \n",
      " (array([[ 0.933, -0.029,  0.359],\n",
      "       [ 0.033,  0.999, -0.005],\n",
      "       [-0.359,  0.017,  0.933]]), array([ 1.233, -0.472,  0.164])) \n",
      "\n",
      "43 \n",
      " (array([[ 0.933, -0.029,  0.358],\n",
      "       [ 0.033,  0.999, -0.006],\n",
      "       [-0.358,  0.018,  0.934]]), array([ 1.202, -0.422,  0.143])) \n",
      "\n",
      "44 \n",
      " (array([[ 0.933, -0.029,  0.359],\n",
      "       [ 0.034,  0.999, -0.005],\n",
      "       [-0.359,  0.017,  0.933]]), array([ 1.234, -0.472,  0.167])) \n",
      "\n",
      "45 \n",
      " (array([[ 0.933, -0.029,  0.358],\n",
      "       [ 0.033,  0.999, -0.006],\n",
      "       [-0.358,  0.018,  0.934]]), array([ 1.204, -0.428,  0.139])) \n",
      "\n",
      "46 \n",
      " (array([[ 0.933, -0.029,  0.359],\n",
      "       [ 0.033,  0.999, -0.005],\n",
      "       [-0.359,  0.017,  0.933]]), array([ 1.233, -0.472,  0.164])) \n",
      "\n",
      "47 \n",
      " (array([[ 0.933, -0.029,  0.358],\n",
      "       [ 0.033,  0.999, -0.006],\n",
      "       [-0.358,  0.018,  0.934]]), array([ 1.202, -0.422,  0.143])) \n",
      "\n",
      "48 \n",
      " (array([[ 0.933, -0.029,  0.359],\n",
      "       [ 0.034,  0.999, -0.005],\n",
      "       [-0.359,  0.017,  0.933]]), array([ 1.234, -0.472,  0.167])) \n",
      "\n",
      "49 \n",
      " (array([[ 0.933, -0.029,  0.358],\n",
      "       [ 0.033,  0.999, -0.006],\n",
      "       [-0.358,  0.018,  0.934]]), array([ 1.204, -0.428,  0.139])) \n",
      "\n",
      "50 \n",
      " (array([[ 0.933, -0.029,  0.359],\n",
      "       [ 0.033,  0.999, -0.005],\n",
      "       [-0.359,  0.017,  0.933]]), array([ 1.233, -0.472,  0.164])) \n",
      "\n",
      "51 \n",
      " (array([[ 0.933, -0.029,  0.358],\n",
      "       [ 0.033,  0.999, -0.006],\n",
      "       [-0.358,  0.018,  0.934]]), array([ 1.202, -0.422,  0.143])) \n",
      "\n",
      "52 \n",
      " (array([[ 0.933, -0.029,  0.359],\n",
      "       [ 0.034,  0.999, -0.005],\n",
      "       [-0.359,  0.017,  0.933]]), array([ 1.234, -0.472,  0.167])) \n",
      "\n",
      "53 \n",
      " (array([[ 0.933, -0.029,  0.358],\n",
      "       [ 0.033,  0.999, -0.006],\n",
      "       [-0.358,  0.018,  0.934]]), array([ 1.204, -0.428,  0.139])) \n",
      "\n",
      "54 \n",
      " (array([[ 0.933, -0.029,  0.359],\n",
      "       [ 0.033,  0.999, -0.005],\n",
      "       [-0.359,  0.017,  0.933]]), array([ 1.233, -0.472,  0.164])) \n",
      "\n",
      "55 \n",
      " (array([[ 0.933, -0.029,  0.358],\n",
      "       [ 0.033,  0.999, -0.006],\n",
      "       [-0.358,  0.018,  0.934]]), array([ 1.202, -0.422,  0.143])) \n",
      "\n",
      "56 \n",
      " (array([[ 0.933, -0.029,  0.359],\n",
      "       [ 0.034,  0.999, -0.005],\n",
      "       [-0.359,  0.017,  0.933]]), array([ 1.234, -0.472,  0.167])) \n",
      "\n",
      "57 \n",
      " (array([[ 0.933, -0.029,  0.358],\n",
      "       [ 0.033,  0.999, -0.006],\n",
      "       [-0.358,  0.018,  0.934]]), array([ 1.204, -0.428,  0.139])) \n",
      "\n",
      "58 \n",
      " (array([[ 0.933, -0.029,  0.359],\n",
      "       [ 0.033,  0.999, -0.005],\n",
      "       [-0.359,  0.017,  0.933]]), array([ 1.233, -0.472,  0.164])) \n",
      "\n",
      "59 \n",
      " (array([[ 0.933, -0.029,  0.358],\n",
      "       [ 0.033,  0.999, -0.006],\n",
      "       [-0.358,  0.018,  0.934]]), array([ 1.202, -0.422,  0.143])) \n",
      "\n",
      "60 \n",
      " (array([[ 0.933, -0.029,  0.359],\n",
      "       [ 0.034,  0.999, -0.005],\n",
      "       [-0.359,  0.017,  0.933]]), array([ 1.234, -0.472,  0.167])) \n",
      "\n",
      "61 \n",
      " (array([[ 0.933, -0.029,  0.358],\n",
      "       [ 0.033,  0.999, -0.006],\n",
      "       [-0.358,  0.018,  0.934]]), array([ 1.204, -0.428,  0.139])) \n",
      "\n",
      "62 \n",
      " (array([[ 0.933, -0.029,  0.359],\n",
      "       [ 0.033,  0.999, -0.005],\n",
      "       [-0.359,  0.017,  0.933]]), array([ 1.233, -0.472,  0.164])) \n",
      "\n",
      "63 \n",
      " (array([[ 0.933, -0.029,  0.358],\n",
      "       [ 0.033,  0.999, -0.006],\n",
      "       [-0.358,  0.018,  0.934]]), array([ 1.202, -0.422,  0.143])) \n",
      "\n",
      "64 \n",
      " (array([[ 0.933, -0.029,  0.359],\n",
      "       [ 0.034,  0.999, -0.005],\n",
      "       [-0.359,  0.017,  0.933]]), array([ 1.234, -0.472,  0.167])) \n",
      "\n",
      "65 \n",
      " (array([[ 0.933, -0.029,  0.358],\n",
      "       [ 0.033,  0.999, -0.006],\n",
      "       [-0.358,  0.018,  0.934]]), array([ 1.204, -0.428,  0.139])) \n",
      "\n",
      "66 \n",
      " (array([[ 0.933, -0.029,  0.359],\n",
      "       [ 0.033,  0.999, -0.005],\n",
      "       [-0.359,  0.017,  0.933]]), array([ 1.233, -0.472,  0.164])) \n",
      "\n",
      "67 \n",
      " (array([[ 0.933, -0.029,  0.358],\n",
      "       [ 0.033,  0.999, -0.006],\n",
      "       [-0.358,  0.018,  0.934]]), array([ 1.202, -0.422,  0.143])) \n",
      "\n",
      "68 \n",
      " (array([[ 0.933, -0.029,  0.359],\n",
      "       [ 0.034,  0.999, -0.005],\n",
      "       [-0.359,  0.017,  0.933]]), array([ 1.234, -0.472,  0.167])) \n",
      "\n",
      "69 \n",
      " (array([[ 0.933, -0.029,  0.358],\n",
      "       [ 0.033,  0.999, -0.006],\n",
      "       [-0.358,  0.018,  0.934]]), array([ 1.204, -0.428,  0.139])) \n",
      "\n",
      "70 \n",
      " (array([[ 0.933, -0.029,  0.359],\n",
      "       [ 0.033,  0.999, -0.005],\n",
      "       [-0.359,  0.017,  0.933]]), array([ 1.233, -0.472,  0.164])) \n",
      "\n",
      "71 \n",
      " (array([[ 0.933, -0.029,  0.358],\n",
      "       [ 0.033,  0.999, -0.006],\n",
      "       [-0.358,  0.018,  0.934]]), array([ 1.202, -0.422,  0.143])) \n",
      "\n",
      "72 \n",
      " (array([[ 0.933, -0.029,  0.359],\n",
      "       [ 0.034,  0.999, -0.005],\n",
      "       [-0.359,  0.017,  0.933]]), array([ 1.234, -0.472,  0.167])) \n",
      "\n",
      "73 \n",
      " (array([[ 0.933, -0.029,  0.358],\n",
      "       [ 0.033,  0.999, -0.006],\n",
      "       [-0.358,  0.018,  0.934]]), array([ 1.204, -0.428,  0.139])) \n",
      "\n",
      "74 \n",
      " (array([[ 0.933, -0.029,  0.359],\n",
      "       [ 0.033,  0.999, -0.005],\n",
      "       [-0.359,  0.017,  0.933]]), array([ 1.233, -0.472,  0.164])) \n",
      "\n",
      "75 \n",
      " (array([[ 0.933, -0.029,  0.358],\n",
      "       [ 0.033,  0.999, -0.006],\n",
      "       [-0.358,  0.018,  0.934]]), array([ 1.202, -0.422,  0.143])) \n",
      "\n",
      "76 \n",
      " (array([[ 0.933, -0.029,  0.359],\n",
      "       [ 0.034,  0.999, -0.005],\n",
      "       [-0.359,  0.017,  0.933]]), array([ 1.234, -0.472,  0.167])) \n",
      "\n",
      "77 \n",
      " (array([[ 0.933, -0.029,  0.358],\n",
      "       [ 0.033,  0.999, -0.006],\n",
      "       [-0.358,  0.018,  0.934]]), array([ 1.204, -0.428,  0.139])) \n",
      "\n",
      "78 \n",
      " (array([[ 0.933, -0.029,  0.359],\n",
      "       [ 0.033,  0.999, -0.005],\n",
      "       [-0.359,  0.017,  0.933]]), array([ 1.233, -0.472,  0.164])) \n",
      "\n",
      "79 \n",
      " (array([[ 0.933, -0.029,  0.358],\n",
      "       [ 0.033,  0.999, -0.006],\n",
      "       [-0.358,  0.018,  0.934]]), array([ 1.202, -0.422,  0.143])) \n",
      "\n",
      "80 \n",
      " (array([[ 0.933, -0.029,  0.359],\n",
      "       [ 0.034,  0.999, -0.005],\n",
      "       [-0.359,  0.017,  0.933]]), array([ 1.234, -0.472,  0.167])) \n",
      "\n",
      "81 \n",
      " (array([[ 0.933, -0.029,  0.358],\n",
      "       [ 0.033,  0.999, -0.006],\n",
      "       [-0.358,  0.018,  0.934]]), array([ 1.204, -0.428,  0.139])) \n",
      "\n",
      "82 \n",
      " (array([[ 0.933, -0.029,  0.359],\n",
      "       [ 0.033,  0.999, -0.005],\n",
      "       [-0.359,  0.017,  0.933]]), array([ 1.233, -0.472,  0.164])) \n",
      "\n",
      "83 \n",
      " (array([[ 0.933, -0.029,  0.358],\n",
      "       [ 0.033,  0.999, -0.006],\n",
      "       [-0.358,  0.018,  0.934]]), array([ 1.202, -0.422,  0.143])) \n",
      "\n",
      "84 \n",
      " (array([[ 0.933, -0.029,  0.359],\n",
      "       [ 0.034,  0.999, -0.005],\n",
      "       [-0.359,  0.017,  0.933]]), array([ 1.234, -0.472,  0.167])) \n",
      "\n",
      "85 \n",
      " (array([[ 0.933, -0.029,  0.358],\n",
      "       [ 0.033,  0.999, -0.006],\n",
      "       [-0.358,  0.018,  0.934]]), array([ 1.204, -0.428,  0.139])) \n",
      "\n",
      "86 \n",
      " (array([[ 0.933, -0.029,  0.359],\n",
      "       [ 0.033,  0.999, -0.005],\n",
      "       [-0.359,  0.017,  0.933]]), array([ 1.233, -0.472,  0.164])) \n",
      "\n",
      "87 \n",
      " (array([[ 0.933, -0.029,  0.358],\n",
      "       [ 0.033,  0.999, -0.006],\n",
      "       [-0.358,  0.018,  0.934]]), array([ 1.202, -0.422,  0.143])) \n",
      "\n",
      "88 \n",
      " (array([[ 0.933, -0.029,  0.359],\n",
      "       [ 0.034,  0.999, -0.005],\n",
      "       [-0.359,  0.017,  0.933]]), array([ 1.234, -0.472,  0.167])) \n",
      "\n",
      "89 \n",
      " (array([[ 0.933, -0.029,  0.358],\n",
      "       [ 0.033,  0.999, -0.006],\n",
      "       [-0.358,  0.018,  0.934]]), array([ 1.204, -0.428,  0.139])) \n",
      "\n",
      "90 \n",
      " (array([[ 0.933, -0.029,  0.359],\n",
      "       [ 0.033,  0.999, -0.005],\n",
      "       [-0.359,  0.017,  0.933]]), array([ 1.233, -0.472,  0.164])) \n",
      "\n",
      "91 \n",
      " (array([[ 0.933, -0.029,  0.358],\n",
      "       [ 0.033,  0.999, -0.006],\n",
      "       [-0.358,  0.018,  0.934]]), array([ 1.202, -0.422,  0.143])) \n",
      "\n",
      "92 \n",
      " (array([[ 0.933, -0.029,  0.359],\n",
      "       [ 0.034,  0.999, -0.005],\n",
      "       [-0.359,  0.017,  0.933]]), array([ 1.234, -0.472,  0.167])) \n",
      "\n",
      "93 \n",
      " (array([[ 0.933, -0.029,  0.358],\n",
      "       [ 0.033,  0.999, -0.006],\n",
      "       [-0.358,  0.018,  0.934]]), array([ 1.204, -0.428,  0.139])) \n",
      "\n",
      "94 \n",
      " (array([[ 0.933, -0.029,  0.359],\n",
      "       [ 0.033,  0.999, -0.005],\n",
      "       [-0.359,  0.017,  0.933]]), array([ 1.233, -0.472,  0.164])) \n",
      "\n",
      "95 \n",
      " (array([[ 0.933, -0.029,  0.358],\n",
      "       [ 0.033,  0.999, -0.006],\n",
      "       [-0.358,  0.018,  0.934]]), array([ 1.202, -0.422,  0.143])) \n",
      "\n",
      "96 \n",
      " (array([[ 0.933, -0.029,  0.359],\n",
      "       [ 0.034,  0.999, -0.005],\n",
      "       [-0.359,  0.017,  0.933]]), array([ 1.234, -0.472,  0.167])) \n",
      "\n",
      "97 \n",
      " (array([[ 0.933, -0.029,  0.358],\n",
      "       [ 0.033,  0.999, -0.006],\n",
      "       [-0.358,  0.018,  0.934]]), array([ 1.204, -0.428,  0.139])) \n",
      "\n",
      "98 \n",
      " (array([[ 0.933, -0.029,  0.359],\n",
      "       [ 0.033,  0.999, -0.005],\n",
      "       [-0.359,  0.017,  0.933]]), array([ 1.233, -0.472,  0.164])) \n",
      "\n",
      "99 \n",
      " (array([[ 0.933, -0.029,  0.358],\n",
      "       [ 0.033,  0.999, -0.006],\n",
      "       [-0.358,  0.018,  0.934]]), array([ 1.202, -0.422,  0.143])) \n",
      "\n",
      "ground truth\n",
      " [[ 0.924  0.     0.383]\n",
      " [ 0.     1.     0.   ]\n",
      " [-0.383  0.     0.924]] [0. 0. 0.]\n"
     ]
    }
   ],
   "source": [
    "(R, t), z = register(mesh1, mesh2, w1=0, max_iter=100)\n",
    "print('ground truth\\n', M[:3, :3], M[:3, 3])\n",
    "trans_mesh = trimesh.base.Trimesh(mesh1.vertices.dot(R) + t, mesh1.faces) # z is also interesting\n",
    "\n",
    "if os.path.exists(\"scene.html\"):\n",
    "    os.remove(\"scene.html\")\n",
    "html = viewer.notebook.scene_to_html(trimesh.util.concatenate([trans_mesh, mesh2]).scene())\n",
    "with open(\"scene.html\", \"w\") as file:\n",
    "    file.write(html)\n"
   ]
  }
 ],
 "metadata": {
  "kernelspec": {
   "display_name": "Python 3",
   "language": "python",
   "name": "python3"
  },
  "language_info": {
   "codemirror_mode": {
    "name": "ipython",
    "version": 3
   },
   "file_extension": ".py",
   "mimetype": "text/x-python",
   "name": "python",
   "nbconvert_exporter": "python",
   "pygments_lexer": "ipython3",
   "version": "3.7.11"
  },
  "orig_nbformat": 4
 },
 "nbformat": 4,
 "nbformat_minor": 2
}
